109 101 108 111 110
116 97 110
115 105 108 118 101 114
114 101 104 101 97 116
108 97 116 101
109 97 116 101
98 114 101 97 100
110 101 97 114 101 115 116
103 97 108 108 101 114 121
100 101 97 108 105 110 103
108 97 114 103 101 108 121
112 97 108 109
99 108 97 105 109 101 100
109 97 103 101 110 116 97
109 105 108 101 115
115 108 105 118 101 114
97 110 116
108 97 109 112
103 101 110 114 101
108 101 101
111 119 110 115
114 117 98 121
115 109 105 108 101
108 101 109 111 110
116 101 97 108
101 101 108
101 97 115 116 101 114 110
108 101 97 100 105 110 103
98 101 97 114 100
99 97 116 101 114 101 100
103 97 114 100 101 110
115 110 111 119
103 114 101 101 110
114 101 103 97 108 108 121
100 97 110 103 101 114
116 97 109 101
98 117 114 121
108 105 109 101 115
100 101 99 108 97 105 109
109 97 103 110 97 116 101
116 101 97 109
109 101 100 105 99 97 108
104 101 97 116 101 114
99 114 101 97 116 101 100
